4
13 13

1	1	1	1	1	1	1	1	1	1	1	1	1
1	87	0	1	0	1	0	1	0	1	0	1	1
1	0	0	1	1	1	1	1	1	1	1	1	1
1	0	0	0	0	1	0	1	0	1	0	1	1
1	1	1	1	0	1	1	1	1	1	1	1	1
1	0	0	0	0	0	0	0	0	0	0	0	1
1	0	0	1	1	0	1	1	1	1	1	0	1
1	0	1	1	0	0	0	0	0	0	1	130	1
1	0	136	1	0	1	1	1	1	136	1	0	1
1	0	0	1	0	40	1	1	0	1	1	1	1
1	1	1	1	0	1	0	1	1	1	1	1	1
1	1	1	1	0	0	0	1	1	1	1	1	1
1	1	1	1	1	1	1	1	1	1	1	1	1

1	1	1	1	1	1	1	1	1	1	1	1	1
1	88	0	0	1	0	0	0	1	0	0	87	1
1	0	0	0	1	0	1	0	0	0	1	0	1
1	1	1	0	1	0	1	1	1	0	1	0	1
1	0	0	0	0	0	0	0	1	0	1	130	1
1	130	1	1	1	1	1	1	1	0	1	0	1
1	0	1	0	0	0	0	0	0	0	1	0	1
1	0	0	0	1	0	0	0	1	0	0	0	1
1	1	1	1	1	1	0	1	1	1	1	1	1
1	0	0	0	1	0	0	0	1	0	0	0	1
1	0	0	0	1	0	0	0	1	0	0	0	1
1	0	0	0	1	0	0	0	1	0	0	0	1
1	1	1	1	1	1	1	1	1	1	1	1	1

1	1	1	1	1	1	1	1	1	1	1	1	1
1	0	15	17	1	16	15	1	0	0	0	88	1
1	128	0	20	1	12	0	135	81	1	1	1	1
1	81	1	1	1	136	1	1	0	18	0	19	1
1	19	12	0	112	0	0	1	1	1	112	1	1
1	1	1	1	1	1	13	140	81	11	0	12	1
1	0	134	0	135	81	0	1	1	0	21	0	1
1	11	1	81	1	1	82	1	1	15	0	15	1
1	18	1	130	0	12	0	15	1	1	1	1	1
1	82	1	1	0	1	1	81	0	135	0	0	1
1	0	0	1	135	1	18	112	1	1	1	140	1
1	87	112	81	0	1	12	13	11	81	130	0	1
1	1	1	1	1	1	1	1	1	1	1	1	1

1	1	1	1	1	1	1	1	1	1	1	1	1
1	0	112	0	0	81	18	19	20	81	0	112	1
1	11	0	1	0	1	11	12	13	1	1	81	1
1	21	12	1	128	1	11	12	13	1	13	19	1
1	1	1	1	81	1	1	1	1	1	134	1	1
1	11	13	0	0	1	15	0	0	1	0	1	1
1	18	0	112	0	1	15	0	139	81	0	1	1
1	1	1	0	1	1	1	1	0	1	1	1	1
1	0	15	0	0	111	0	0	135	0	0	18	1
1	134	1	1	81	1	83	1	0	1	1	1	1
1	0	1	0	139	1	128	1	134	0	0	19	1
1	88	1	19	20	1	199	1	0	11	12	13	1
1	1	1	1	1	1	1	1	1	1	1	1	1

5 5 14 100 250 500 800 40 40

10
111 500 358 222 44 2
112 1000 100 350 51 2
128 600 550 350 56 0
130 766 544 162 46 0
134 743 440 303 52 0
135 130 264 0 50 3
136 660 443 210 43 0
139 688 502 335 53 0
140 400 375 350 49 0
199 999 500 275 0 5

148 2 400 4 4 10

894 418 269 422 6 3 0 0 2 1 9
